 hour | minute 
------+--------
    2 |      9
    3 |    -51
    3 |     42
    4 |    -18
    5 |    -26
    5 |    -26
    4 |     -5
    4 |     -5
    4 |     24
    5 |    -36
    2 |     28
    2 |     28
    4 |      4
    4 |      4
    2 |    -28
    2 |    -28
    1 |     22
    1 |     22
    2 |     10
    2 |     10
    5 |    -10
    5 |    -10
    2 |      2
    2 |      2
    3 |     29
    4 |    -31
    0 |     33
    1 |    -27
    2 |     18
    2 |     18
    3 |     -2
    3 |     -2
    4 |     22
    4 |     22
    2 |      7
    2 |      7
    4 |     22
    4 |     22
    1 |     -1
    1 |     -1
    3 |     -1
    3 |     -1
    4 |    -30
    4 |    -30
    2 |      0
    2 |      0
    3 |     23
    4 |    -37
    4 |     -3
    4 |     -3
    3 |     -8
    3 |     -8
    1 |     -1
    1 |     -1
    5 |    -29
    4 |     31
    4 |     16
    5 |    -44
    3 |     26
    3 |     26
    3 |     -5
    3 |     -5
    5 |    -30
    4 |     30
    3 |     20
    3 |     20
    4 |    -41
    4 |    -41
    1 |    -26
    1 |    -26
    4 |     -9
    3 |     51
    2 |     28
    3 |    -32
    4 |      3
    4 |      3
    4 |     11
    4 |     11
    5 |    -20
    5 |    -20
(80 rows)

